01234567890123456789
01234567890123456789
01234567890123456789
0123456789012345678901234567890123456789
012345678901 2345678901234567890123456789
0123456789012345678901234567890123456789
0123456789012345678901234567890123456789
0123456789012345678901234567890123456789
01234567890123456789012 34567890123456789
0123456789012345678901234567890123456789
0123456789012345678901234567890123456789
0123456789012345678901234567890123456789
012345678901234567890123456789012 34567890123456789012345678901234567890123456789
01234567890123456789012345678901234567890 123456789012345678901234567890123456789
01234567890123456789012345678901234567890123456789012345678901234567890123456789
01234567890123456789012345678901234567890123456789012345678901234567890123456789
0123456789012345678901234567890123456789012345678901234567890123456789012345678901234567890123456789
0123456789012345678901234567890123456 7 89012345678901234567890123456789012345678901234567890123456789
0123456789012345678901234567890123456789012345678901234567890123456789012345678901234567890123456789
01234567890123456789012345678901234567890123456  78901234567890123456789012345678901234567890123456789
012345678901234567890123456789 01234567890 123456789012345678 90123456789012345678901234567890123456789
01234567890123456789012345678901234567 89012345678901234567890123456789012345678901234567890123456789
0123456789012345678901234567890123456789012345678901234567890123456789012345678901234567890123456789
0123456  789012345678901234567890123456789012345678901234567890123456789012345678901234567890123456789
01234567890123456789012345 67890123456789012345678901234567890123456789012345678901234567890123456789
012345678901234567890123456789012345678901 2345678901234567890123456789012345678 901234567890123456789
01234567890123456789012345678901234567890123456789012345678901234567890123456789012345678901234567890123456789012345678901234567890123456789
01234567890123456789012345678901234567890123456789012345678901234567890123456789012345678901234567890123456789012345678901234567890123456789
012345678901234567890123456789012345678901 23456789012345678901234567890123456789012345678901234567890123456789012345678901234567890123456789
012345678901234567890123456789012345678901 234567890123456789012345 67890123456789012345678901234567890123456789012345678901234567890123456789
012345678901234567890123456789012345678901234 56789012345678901234567890123456789012345678901234567890123456789012345678901234567890123456789
0123456789012345678901234567890123456789012345 6789012345678901234567890123456789012345678901234567890123456789012345678901234567890123456789
0123456789012345678901234567890123456789012345 6789012345678901234567890123456789012345678901234567890123456789012345678901234567890123456789
012345678901234567890123456789012345678901234567890123456789012345678901234567890 2345678901234567890123456789012345678901234567890123456789
012345678901234 567890123456789012345678901234 56789012345678901234567890123456789012345678901234567890123456789012345678901234567890123456789
0123456789012345678901234567890123456789012 345678901234567890123456789 123456789012345678901234567890123456789012345678901234567890123456789
0123456789012345678901234567890123456789012 3456789012345678901234567890123456789012345678901234567890123456789012345678901234567890123456789
01234567890123456789012345678901234567890123 456789012345678901234567890123456789012345678901234567890123456789
01234567890123456789 012345678901234567890123456789012345678901234567890123456789012345678901234567890123456789
0123456789012345678901234567890123456789012 3456 789012345678901234567890123456 789012345678901234567890123456789
0123456789012345678901234567890123456789012345 67890123456789012345678901234567890123456789 01234567890123456789
0123456789012345678 90123456789012345678901234 6789012345678901234567890123456789012345678901234567890123456789
0123456789012345678901234567890123456789012345678901234567890123456789012345678 9012345678901234567890123456789
0123456789012345678901234567890123456789012345 789012345678901234567890123456789012345678901234567890123456789
0123456789012345678901234567890123456789012345678901234567890123456 7890123456789012345678901234567890123456789
0123456789012345 6789012345678901234567890123456789012345678901234567890123456789012345678901234567890123456789
0123456789012345678901234567 89012345678901234 5678901234567890123456789012 345678901 2345678901234567890123456789
0123456789012345678901234567890123456789012345 6789012345678901234567890123456789012345678901234567890123456789
012345678901234567 89012345 8901234567 8901234567890123 78901234 6789012345678901234 567890123456789012345678
9
01234567890123 4 89012345678901234567890123456789012345678901234545678901234 789
012345678901234567890123456789012345678 9012345678901234567 8901234567890123456789012345678901234567890123456789